1004319128
1004472839
1005533045
1008149708
1009815221
1022878028
1023161596
1026066714
1028907223
1043676489-
1061287514
1063755620
1065751783
1071785047
1075301268
1075988283
1076736820
1078471208
1080669785
1086070220
1086258407
1114302039
1136050764
1139396841
1139406225
1140565811
1141246170
1159464266
1167185583
1181214866
1188715994
1193803479
1206485634
1207726570
1217791623
1219290680
1243260828
1246614206
1258235614
1272369230
1276594338
1298733367
1304631499
1306418215
1313154906
1327109756
1328667366
1334425922
1336585012
1348716350
1349184924
1357327134
1360981485
1362987568
1368508648
1386051716
1391510473
1396782036
1403018356
1410548089
1416123416
1417019660
1426847303
1431833354
1432717284
1435615600
1436909296
1441220767
1448678830
1451387894
1463071924
1463569143
1473673238
1479021400
1491869630
1495252138
1500648383
1501257014
1507102029
1522935960
1533417480
1533616894
1535685070
1551793617
1559015951
1560994688
1567642719
1568984675
1569977063
1573910774
1574687672
1580354387
1586368499
1600606290
1604746351
1606589020
1611806763
1614178431
1620037868
1621598486